{
 "cells": [
  {
   "cell_type": "markdown",
   "id": "5709c6f1",
   "metadata": {},
   "source": [
    "# Modeling_OLS_interpretation\n",
    "\n",
    "OLS 예측 단계에서 확정한 `final_aic_features`를 사용해 **전체 데이터**로 재적합하고, 변수의 효과를 해석한다.\n",
    "\n",
    "- β 부호·크기, HC3 robust p-value, 표준화 β\n",
    "- 변수 그룹별 요약\n",
    "- 잔차 진단 (전체 데이터 기준 재확인)\n",
    "- LGBM(SHAP) 해석과 비교하기 위한 산출물 저장\n",
    "\n",
    "변수 선택은 하지 않는다. (이미 `final_features.json` 확정)"
   ]
  },
  {
   "cell_type": "markdown",
   "id": "93b21d6b",
   "metadata": {},
   "source": [
    "## 1. 설정 로드"
   ]
  },
  {
   "cell_type": "code",
   "execution_count": 1,
   "id": "bd9a161e",
   "metadata": {
    "execution": {
     "iopub.execute_input": "2026-05-16T15:29:02.172678Z",
     "iopub.status.busy": "2026-05-16T15:29:02.172303Z",
     "iopub.status.idle": "2026-05-16T15:29:06.838110Z",
     "shell.execute_reply": "2026-05-16T15:29:06.837698Z"
    }
   },
   "outputs": [
    {
     "name": "stdout",
     "output_type": "stream",
     "text": [
      "TARGET       : oil_diff_target\n",
      "SPLIT_DATE   : 2022-05-06 (참고용, 해석은 전체 데이터)\n",
      "DATA_FILE    : dataset4_derived_full_with_dummies.csv\n",
      "n_features   : 19\n",
      "\n",
      "final_aic_features:\n",
      "  - OilPrice\n",
      "  - RealInterestRate\n",
      "  - VIX\n",
      "  - IndustryProduction\n",
      "  - CPE\n",
      "  - OilInventories\n",
      "  - OPECProduction\n",
      "  - oil_diff_lag1\n",
      "  - oil_volatility_20\n",
      "  - MA_ratio\n",
      "  - MA_5_gt_MA_20\n",
      "  - is_friday\n",
      "  - gfc_2008_shock\n",
      "  - opec_2014_shock\n",
      "  - opec_2014_regime\n",
      "  - covid_2020_shock\n",
      "  - war_2022_shock\n",
      "  - war_2022_window\n",
      "  - cond_opec_cut\n"
     ]
    }
   ],
   "source": [
    "import json\n",
    "import warnings\n",
    "from pathlib import Path\n",
    "\n",
    "import numpy as np\n",
    "import pandas as pd\n",
    "import matplotlib.pyplot as plt\n",
    "\n",
    "import statsmodels.api as sm\n",
    "from statsmodels.stats.stattools import durbin_watson\n",
    "from statsmodels.stats.diagnostic import acorr_ljungbox, het_breuschpagan\n",
    "from statsmodels.graphics.tsaplots import plot_acf, plot_pacf\n",
    "\n",
    "from IPython.display import display, Markdown\n",
    "\n",
    "pd.set_option(\"display.max_columns\", 200)\n",
    "pd.set_option(\"display.width\", 200)\n",
    "\n",
    "BASELINE_DIR = Path(\"../outputs/baseline\")\n",
    "CONFIG_PATH = BASELINE_DIR / \"final_features.json\"\n",
    "\n",
    "with open(CONFIG_PATH, encoding=\"utf-8\") as f:\n",
    "    cfg = json.load(f)\n",
    "\n",
    "TARGET = cfg[\"target\"]\n",
    "SPLIT_DATE = cfg[\"split_date\"]\n",
    "FINAL_FEATURES = list(cfg[\"final_aic_features\"])\n",
    "DATA_FILE_NAME = cfg[\"data_file\"]\n",
    "\n",
    "print(\"TARGET       :\", TARGET)\n",
    "print(\"SPLIT_DATE   :\", SPLIT_DATE, \"(참고용, 해석은 전체 데이터)\")\n",
    "print(\"DATA_FILE    :\", DATA_FILE_NAME)\n",
    "print(\"n_features   :\", len(FINAL_FEATURES))\n",
    "print(\"\\nfinal_aic_features:\")\n",
    "for c in FINAL_FEATURES:\n",
    "    print(\"  -\", c)"
   ]
  },
  {
   "cell_type": "code",
   "execution_count": 2,
   "id": "b3cf8014",
   "metadata": {
    "execution": {
     "iopub.execute_input": "2026-05-16T15:29:06.839536Z",
     "iopub.status.busy": "2026-05-16T15:29:06.839381Z",
     "iopub.status.idle": "2026-05-16T15:29:06.860561Z",
     "shell.execute_reply": "2026-05-16T15:29:06.860139Z"
    }
   },
   "outputs": [
    {
     "name": "stdout",
     "output_type": "stream",
     "text": [
      "shape: (4798, 43)\n",
      "기간 : 2007-02-01 ~ 2026-03-13\n",
      "n_obs: 4798\n"
     ]
    }
   ],
   "source": [
    "# 데이터 로드: 예측 노트북과 동일한 전처리 (date 인덱스, 정렬, 결측 제거)\n",
    "DATA_PATH = Path(\"../data/Finance_Final\") / DATA_FILE_NAME\n",
    "\n",
    "cols = pd.read_csv(DATA_PATH, nrows=0).columns.tolist()\n",
    "if \"date\" in cols:\n",
    "    DATE_COL = \"date\"\n",
    "elif \"Date\" in cols:\n",
    "    DATE_COL = \"Date\"\n",
    "else:\n",
    "    DATE_COL = cols[0]\n",
    "\n",
    "df = pd.read_csv(DATA_PATH, parse_dates=[DATE_COL])\n",
    "df = df.rename(columns={DATE_COL: \"date\"}).set_index(\"date\").sort_index()\n",
    "df_model = df.dropna().copy()\n",
    "\n",
    "missing = [c for c in FINAL_FEATURES + [TARGET] if c not in df_model.columns]\n",
    "if missing:\n",
    "    raise ValueError(f\"필수 컬럼 누락: {missing}\")\n",
    "\n",
    "print(\"shape:\", df_model.shape)\n",
    "print(\"기간 :\", df_model.index.min().date(), \"~\", df_model.index.max().date())\n",
    "print(\"n_obs:\", len(df_model))"
   ]
  },
  {
   "cell_type": "markdown",
   "id": "04818a29",
   "metadata": {},
   "source": [
    "## 2. 전체 데이터 OLS 재적합"
   ]
  },
  {
   "cell_type": "code",
   "execution_count": 3,
   "id": "8b824a97",
   "metadata": {
    "execution": {
     "iopub.execute_input": "2026-05-16T15:29:06.861710Z",
     "iopub.status.busy": "2026-05-16T15:29:06.861641Z",
     "iopub.status.idle": "2026-05-16T15:29:06.883112Z",
     "shell.execute_reply": "2026-05-16T15:29:06.882655Z"
    }
   },
   "outputs": [
    {
     "name": "stdout",
     "output_type": "stream",
     "text": [
      "===== OLS (일반 SE) =====\n",
      "                            OLS Regression Results                            \n",
      "==============================================================================\n",
      "Dep. Variable:        oil_diff_target   R-squared:                       0.048\n",
      "Model:                            OLS   Adj. R-squared:                  0.044\n",
      "Method:                 Least Squares   F-statistic:                     12.63\n",
      "Date:                Sun, 17 May 2026   Prob (F-statistic):           4.26e-39\n",
      "Time:                        00:31:42   Log-Likelihood:                -10046.\n",
      "No. Observations:                4798   AIC:                         2.013e+04\n",
      "Df Residuals:                    4778   BIC:                         2.026e+04\n",
      "Df Model:                          19                                         \n",
      "Covariance Type:            nonrobust                                         \n",
      "======================================================================================\n",
      "                         coef    std err          t      P>|t|      [0.025      0.975]\n",
      "--------------------------------------------------------------------------------------\n",
      "const                  6.0934      0.785      7.762      0.000       4.554       7.632\n",
      "OilPrice              -0.1542      0.015    -10.564      0.000      -0.183      -0.126\n",
      "RealInterestRate       0.3592      0.146      2.457      0.014       0.073       0.646\n",
      "VIX                   -0.0383      0.015     -2.626      0.009      -0.067      -0.010\n",
      "IndustryProduction    -0.1081      0.042     -2.550      0.011      -0.191      -0.025\n",
      "CPE                    0.0018      0.000      4.679      0.000       0.001       0.003\n",
      "OilInventories     -1.661e-05   6.08e-06     -2.733      0.006   -2.85e-05   -4.69e-06\n",
      "OPECProduction        -0.0001   9.08e-05     -1.536      0.125      -0.000    3.85e-05\n",
      "oil_diff_lag1         -0.0631      0.014     -4.385      0.000      -0.091      -0.035\n",
      "oil_volatility_20      0.1276      0.031      4.073      0.000       0.066       0.189\n",
      "MA_ratio              -6.4184      0.804     -7.981      0.000      -7.995      -4.842\n",
      "MA_5_gt_MA_20          0.4191      0.077      5.409      0.000       0.267       0.571\n",
      "is_friday             -0.1234      0.071     -1.736      0.083      -0.263       0.016\n",
      "gfc_2008_shock        -1.6288      0.258     -6.313      0.000      -2.135      -1.123\n",
      "opec_2014_shock       -0.8997      0.308     -2.918      0.004      -1.504      -0.295\n",
      "opec_2014_regime      -0.1394      0.126     -1.108      0.268      -0.386       0.107\n",
      "covid_2020_shock      -0.8346      0.408     -2.046      0.041      -1.634      -0.035\n",
      "war_2022_shock        -1.2731      0.415     -3.066      0.002      -2.087      -0.459\n",
      "war_2022_window        2.5432      0.594      4.281      0.000       1.379       3.708\n",
      "cond_opec_cut         -0.2021      0.093     -2.178      0.029      -0.384      -0.020\n",
      "==============================================================================\n",
      "Omnibus:                     4192.614   Durbin-Watson:                   1.990\n",
      "Prob(Omnibus):                  0.000   Jarque-Bera (JB):          3860752.891\n",
      "Skew:                          -3.003   Prob(JB):                         0.00\n",
      "Kurtosis:                     141.837   Cond. No.                     1.91e+05\n",
      "==============================================================================\n",
      "\n",
      "Notes:\n",
      "[1] Standard Errors assume that the covariance matrix of the errors is correctly specified.\n",
      "[2] The condition number is large, 1.91e+05. This might indicate that there are\n",
      "strong multicollinearity or other numerical problems.\n",
      "\n",
      "===== OLS (HC3 robust SE) =====\n",
      "                            OLS Regression Results                            \n",
      "==============================================================================\n",
      "Dep. Variable:        oil_diff_target   R-squared:                       0.048\n",
      "Model:                            OLS   Adj. R-squared:                  0.044\n",
      "Method:                 Least Squares   F-statistic:                     1.928\n",
      "Date:                Sun, 17 May 2026   Prob (F-statistic):            0.00902\n",
      "Time:                        00:31:42   Log-Likelihood:                -10046.\n",
      "No. Observations:                4798   AIC:                         2.013e+04\n",
      "Df Residuals:                    4778   BIC:                         2.026e+04\n",
      "Df Model:                          19                                         \n",
      "Covariance Type:                  HC3                                         \n",
      "======================================================================================\n",
      "                         coef    std err          z      P>|z|      [0.025      0.975]\n",
      "--------------------------------------------------------------------------------------\n",
      "const                  6.0934      3.009      2.025      0.043       0.195      11.991\n",
      "OilPrice              -0.1542      0.137     -1.126      0.260      -0.423       0.114\n",
      "RealInterestRate       0.3592      0.168      2.135      0.033       0.029       0.689\n",
      "VIX                   -0.0383      0.021     -1.810      0.070      -0.080       0.003\n",
      "IndustryProduction    -0.1081      0.089     -1.208      0.227      -0.283       0.067\n",
      "CPE                    0.0018      0.001      2.737      0.006       0.001       0.003\n",
      "OilInventories     -1.661e-05    6.2e-06     -2.681      0.007   -2.88e-05   -4.47e-06\n",
      "OPECProduction        -0.0001      0.000     -0.941      0.347      -0.000       0.000\n",
      "oil_diff_lag1         -0.0631      0.033     -1.928      0.054      -0.127       0.001\n",
      "oil_volatility_20      0.1276      0.101      1.270      0.204      -0.069       0.325\n",
      "MA_ratio              -6.4184      3.235     -1.984      0.047     -12.759      -0.077\n",
      "MA_5_gt_MA_20          0.4191      0.237      1.766      0.077      -0.046       0.884\n",
      "is_friday             -0.1234      0.090     -1.373      0.170      -0.300       0.053\n",
      "gfc_2008_shock        -1.6288      0.765     -2.130      0.033      -3.127      -0.130\n",
      "opec_2014_shock       -0.8997      0.377     -2.389      0.017      -1.638      -0.162\n",
      "opec_2014_regime      -0.1394      0.110     -1.267      0.205      -0.355       0.076\n",
      "covid_2020_shock      -0.8346      1.341     -0.622      0.534      -3.463       1.794\n",
      "war_2022_shock        -1.2731      0.889     -1.432      0.152      -3.016       0.469\n",
      "war_2022_window        2.5432      1.590      1.599      0.110      -0.573       5.660\n",
      "cond_opec_cut         -0.2021      0.105     -1.932      0.053      -0.407       0.003\n",
      "==============================================================================\n",
      "Omnibus:                     4192.614   Durbin-Watson:                   1.990\n",
      "Prob(Omnibus):                  0.000   Jarque-Bera (JB):          3860752.891\n",
      "Skew:                          -3.003   Prob(JB):                         0.00\n",
      "Kurtosis:                     141.837   Cond. No.                     1.91e+05\n",
      "==============================================================================\n",
      "\n",
      "Notes:\n",
      "[1] Standard Errors are heteroscedasticity robust (HC3)\n",
      "[2] The condition number is large, 1.91e+05. This might indicate that there are\n",
      "strong multicollinearity or other numerical problems.\n"
     ]
    }
   ],
   "source": [
    "X_all = sm.add_constant(df_model[FINAL_FEATURES], has_constant=\"add\")\n",
    "y_all = df_model[TARGET]\n",
    "\n",
    "ols_plain = sm.OLS(y_all, X_all).fit()\n",
    "ols_hc3   = sm.OLS(y_all, X_all).fit(cov_type=\"HC3\")\n",
    "\n",
    "print(\"===== OLS (일반 SE) =====\")\n",
    "print(ols_plain.summary())\n",
    "print(\"\\n===== OLS (HC3 robust SE) =====\")\n",
    "print(ols_hc3.summary())"
   ]
  },
  {
   "cell_type": "markdown",
   "id": "a0d2a180",
   "metadata": {},
   "source": [
    "## 3. 핵심 계수 표 (HC3 기준)"
   ]
  },
  {
   "cell_type": "code",
   "execution_count": 4,
   "id": "1273c74a",
   "metadata": {
    "execution": {
     "iopub.execute_input": "2026-05-16T15:29:06.884181Z",
     "iopub.status.busy": "2026-05-16T15:29:06.884105Z",
     "iopub.status.idle": "2026-05-16T15:29:06.897290Z",
     "shell.execute_reply": "2026-05-16T15:29:06.896938Z"
    }
   },
   "outputs": [
    {
     "name": "stdout",
     "output_type": "stream",
     "text": [
      "===== 정렬: p_HC3 오름차순 (유의성 우선) =====\n"
     ]
    },
    {
     "data": {
      "text/html": [
       "<div>\n",
       "<style scoped>\n",
       "    .dataframe tbody tr th:only-of-type {\n",
       "        vertical-align: middle;\n",
       "    }\n",
       "\n",
       "    .dataframe tbody tr th {\n",
       "        vertical-align: top;\n",
       "    }\n",
       "\n",
       "    .dataframe thead th {\n",
       "        text-align: right;\n",
       "    }\n",
       "</style>\n",
       "<table border=\"1\" class=\"dataframe\">\n",
       "  <thead>\n",
       "    <tr style=\"text-align: right;\">\n",
       "      <th></th>\n",
       "      <th>variable</th>\n",
       "      <th>coef</th>\n",
       "      <th>SE_HC3</th>\n",
       "      <th>t_HC3</th>\n",
       "      <th>p_HC3</th>\n",
       "      <th>sig</th>\n",
       "      <th>std_beta</th>\n",
       "      <th>abs_std_beta</th>\n",
       "    </tr>\n",
       "  </thead>\n",
       "  <tbody>\n",
       "    <tr>\n",
       "      <th>0</th>\n",
       "      <td>CPE</td>\n",
       "      <td>0.001784</td>\n",
       "      <td>0.000652</td>\n",
       "      <td>2.737234</td>\n",
       "      <td>0.006196</td>\n",
       "      <td>***</td>\n",
       "      <td>0.272013</td>\n",
       "      <td>0.272013</td>\n",
       "    </tr>\n",
       "    <tr>\n",
       "      <th>1</th>\n",
       "      <td>OilInventories</td>\n",
       "      <td>-0.000017</td>\n",
       "      <td>0.000006</td>\n",
       "      <td>-2.680678</td>\n",
       "      <td>0.007347</td>\n",
       "      <td>***</td>\n",
       "      <td>-0.079703</td>\n",
       "      <td>0.079703</td>\n",
       "    </tr>\n",
       "    <tr>\n",
       "      <th>2</th>\n",
       "      <td>opec_2014_shock</td>\n",
       "      <td>-0.899708</td>\n",
       "      <td>0.376585</td>\n",
       "      <td>-2.389124</td>\n",
       "      <td>0.016889</td>\n",
       "      <td>**</td>\n",
       "      <td>-0.084800</td>\n",
       "      <td>0.084800</td>\n",
       "    </tr>\n",
       "    <tr>\n",
       "      <th>3</th>\n",
       "      <td>RealInterestRate</td>\n",
       "      <td>0.359224</td>\n",
       "      <td>0.168275</td>\n",
       "      <td>2.134739</td>\n",
       "      <td>0.032782</td>\n",
       "      <td>**</td>\n",
       "      <td>0.072186</td>\n",
       "      <td>0.072186</td>\n",
       "    </tr>\n",
       "    <tr>\n",
       "      <th>4</th>\n",
       "      <td>gfc_2008_shock</td>\n",
       "      <td>-1.628820</td>\n",
       "      <td>0.764527</td>\n",
       "      <td>-2.130493</td>\n",
       "      <td>0.033131</td>\n",
       "      <td>**</td>\n",
       "      <td>-0.203389</td>\n",
       "      <td>0.203389</td>\n",
       "    </tr>\n",
       "    <tr>\n",
       "      <th>5</th>\n",
       "      <td>MA_ratio</td>\n",
       "      <td>-6.418401</td>\n",
       "      <td>3.235264</td>\n",
       "      <td>-1.983888</td>\n",
       "      <td>0.047268</td>\n",
       "      <td>**</td>\n",
       "      <td>-0.371292</td>\n",
       "      <td>0.371292</td>\n",
       "    </tr>\n",
       "    <tr>\n",
       "      <th>6</th>\n",
       "      <td>cond_opec_cut</td>\n",
       "      <td>-0.202061</td>\n",
       "      <td>0.104612</td>\n",
       "      <td>-1.931526</td>\n",
       "      <td>0.053418</td>\n",
       "      <td>*</td>\n",
       "      <td>-0.087173</td>\n",
       "      <td>0.087173</td>\n",
       "    </tr>\n",
       "    <tr>\n",
       "      <th>7</th>\n",
       "      <td>oil_diff_lag1</td>\n",
       "      <td>-0.063057</td>\n",
       "      <td>0.032707</td>\n",
       "      <td>-1.927902</td>\n",
       "      <td>0.053867</td>\n",
       "      <td>*</td>\n",
       "      <td>-0.126802</td>\n",
       "      <td>0.126802</td>\n",
       "    </tr>\n",
       "    <tr>\n",
       "      <th>8</th>\n",
       "      <td>VIX</td>\n",
       "      <td>-0.038314</td>\n",
       "      <td>0.021173</td>\n",
       "      <td>-1.809549</td>\n",
       "      <td>0.070366</td>\n",
       "      <td>*</td>\n",
       "      <td>-0.076236</td>\n",
       "      <td>0.076236</td>\n",
       "    </tr>\n",
       "    <tr>\n",
       "      <th>9</th>\n",
       "      <td>MA_5_gt_MA_20</td>\n",
       "      <td>0.419135</td>\n",
       "      <td>0.237307</td>\n",
       "      <td>1.766212</td>\n",
       "      <td>0.077360</td>\n",
       "      <td>*</td>\n",
       "      <td>0.208573</td>\n",
       "      <td>0.208573</td>\n",
       "    </tr>\n",
       "    <tr>\n",
       "      <th>10</th>\n",
       "      <td>war_2022_window</td>\n",
       "      <td>2.543175</td>\n",
       "      <td>1.590100</td>\n",
       "      <td>1.599381</td>\n",
       "      <td>0.109736</td>\n",
       "      <td></td>\n",
       "      <td>0.167899</td>\n",
       "      <td>0.167899</td>\n",
       "    </tr>\n",
       "    <tr>\n",
       "      <th>11</th>\n",
       "      <td>war_2022_shock</td>\n",
       "      <td>-1.273132</td>\n",
       "      <td>0.889086</td>\n",
       "      <td>-1.431955</td>\n",
       "      <td>0.152157</td>\n",
       "      <td></td>\n",
       "      <td>-0.124072</td>\n",
       "      <td>0.124072</td>\n",
       "    </tr>\n",
       "    <tr>\n",
       "      <th>12</th>\n",
       "      <td>is_friday</td>\n",
       "      <td>-0.123418</td>\n",
       "      <td>0.089905</td>\n",
       "      <td>-1.372767</td>\n",
       "      <td>0.169825</td>\n",
       "      <td></td>\n",
       "      <td>-0.049380</td>\n",
       "      <td>0.049380</td>\n",
       "    </tr>\n",
       "    <tr>\n",
       "      <th>13</th>\n",
       "      <td>oil_volatility_20</td>\n",
       "      <td>0.127645</td>\n",
       "      <td>0.100527</td>\n",
       "      <td>1.269758</td>\n",
       "      <td>0.204171</td>\n",
       "      <td></td>\n",
       "      <td>0.159637</td>\n",
       "      <td>0.159637</td>\n",
       "    </tr>\n",
       "    <tr>\n",
       "      <th>14</th>\n",
       "      <td>opec_2014_regime</td>\n",
       "      <td>-0.139397</td>\n",
       "      <td>0.110049</td>\n",
       "      <td>-1.266679</td>\n",
       "      <td>0.205270</td>\n",
       "      <td></td>\n",
       "      <td>-0.032183</td>\n",
       "      <td>0.032183</td>\n",
       "    </tr>\n",
       "    <tr>\n",
       "      <th>15</th>\n",
       "      <td>IndustryProduction</td>\n",
       "      <td>-0.108080</td>\n",
       "      <td>0.089438</td>\n",
       "      <td>-1.208438</td>\n",
       "      <td>0.226879</td>\n",
       "      <td></td>\n",
       "      <td>-0.132410</td>\n",
       "      <td>0.132410</td>\n",
       "    </tr>\n",
       "    <tr>\n",
       "      <th>16</th>\n",
       "      <td>OilPrice</td>\n",
       "      <td>-0.154246</td>\n",
       "      <td>0.137024</td>\n",
       "      <td>-1.125686</td>\n",
       "      <td>0.260299</td>\n",
       "      <td></td>\n",
       "      <td>-0.310233</td>\n",
       "      <td>0.310233</td>\n",
       "    </tr>\n",
       "    <tr>\n",
       "      <th>17</th>\n",
       "      <td>OPECProduction</td>\n",
       "      <td>-0.000139</td>\n",
       "      <td>0.000148</td>\n",
       "      <td>-0.940530</td>\n",
       "      <td>0.346946</td>\n",
       "      <td></td>\n",
       "      <td>-0.081208</td>\n",
       "      <td>0.081208</td>\n",
       "    </tr>\n",
       "    <tr>\n",
       "      <th>18</th>\n",
       "      <td>covid_2020_shock</td>\n",
       "      <td>-0.834647</td>\n",
       "      <td>1.341205</td>\n",
       "      <td>-0.622312</td>\n",
       "      <td>0.533737</td>\n",
       "      <td></td>\n",
       "      <td>-0.089653</td>\n",
       "      <td>0.089653</td>\n",
       "    </tr>\n",
       "  </tbody>\n",
       "</table>\n",
       "</div>"
      ],
      "text/plain": [
       "              variable      coef    SE_HC3     t_HC3     p_HC3  sig  std_beta  abs_std_beta\n",
       "0                  CPE  0.001784  0.000652  2.737234  0.006196  ***  0.272013      0.272013\n",
       "1       OilInventories -0.000017  0.000006 -2.680678  0.007347  *** -0.079703      0.079703\n",
       "2      opec_2014_shock -0.899708  0.376585 -2.389124  0.016889   ** -0.084800      0.084800\n",
       "3     RealInterestRate  0.359224  0.168275  2.134739  0.032782   **  0.072186      0.072186\n",
       "4       gfc_2008_shock -1.628820  0.764527 -2.130493  0.033131   ** -0.203389      0.203389\n",
       "5             MA_ratio -6.418401  3.235264 -1.983888  0.047268   ** -0.371292      0.371292\n",
       "6        cond_opec_cut -0.202061  0.104612 -1.931526  0.053418    * -0.087173      0.087173\n",
       "7        oil_diff_lag1 -0.063057  0.032707 -1.927902  0.053867    * -0.126802      0.126802\n",
       "8                  VIX -0.038314  0.021173 -1.809549  0.070366    * -0.076236      0.076236\n",
       "9        MA_5_gt_MA_20  0.419135  0.237307  1.766212  0.077360    *  0.208573      0.208573\n",
       "10     war_2022_window  2.543175  1.590100  1.599381  0.109736       0.167899      0.167899\n",
       "11      war_2022_shock -1.273132  0.889086 -1.431955  0.152157      -0.124072      0.124072\n",
       "12           is_friday -0.123418  0.089905 -1.372767  0.169825      -0.049380      0.049380\n",
       "13   oil_volatility_20  0.127645  0.100527  1.269758  0.204171       0.159637      0.159637\n",
       "14    opec_2014_regime -0.139397  0.110049 -1.266679  0.205270      -0.032183      0.032183\n",
       "15  IndustryProduction -0.108080  0.089438 -1.208438  0.226879      -0.132410      0.132410\n",
       "16            OilPrice -0.154246  0.137024 -1.125686  0.260299      -0.310233      0.310233\n",
       "17      OPECProduction -0.000139  0.000148 -0.940530  0.346946      -0.081208      0.081208\n",
       "18    covid_2020_shock -0.834647  1.341205 -0.622312  0.533737      -0.089653      0.089653"
      ]
     },
     "metadata": {},
     "output_type": "display_data"
    },
    {
     "name": "stdout",
     "output_type": "stream",
     "text": [
      "\n",
      "===== 정렬: abs_std_beta 내림차순 (효과 크기 우선) =====\n"
     ]
    },
    {
     "data": {
      "text/html": [
       "<div>\n",
       "<style scoped>\n",
       "    .dataframe tbody tr th:only-of-type {\n",
       "        vertical-align: middle;\n",
       "    }\n",
       "\n",
       "    .dataframe tbody tr th {\n",
       "        vertical-align: top;\n",
       "    }\n",
       "\n",
       "    .dataframe thead th {\n",
       "        text-align: right;\n",
       "    }\n",
       "</style>\n",
       "<table border=\"1\" class=\"dataframe\">\n",
       "  <thead>\n",
       "    <tr style=\"text-align: right;\">\n",
       "      <th></th>\n",
       "      <th>variable</th>\n",
       "      <th>coef</th>\n",
       "      <th>SE_HC3</th>\n",
       "      <th>t_HC3</th>\n",
       "      <th>p_HC3</th>\n",
       "      <th>sig</th>\n",
       "      <th>std_beta</th>\n",
       "      <th>abs_std_beta</th>\n",
       "    </tr>\n",
       "  </thead>\n",
       "  <tbody>\n",
       "    <tr>\n",
       "      <th>0</th>\n",
       "      <td>MA_ratio</td>\n",
       "      <td>-6.418401</td>\n",
       "      <td>3.235264</td>\n",
       "      <td>-1.983888</td>\n",
       "      <td>0.047268</td>\n",
       "      <td>**</td>\n",
       "      <td>-0.371292</td>\n",
       "      <td>0.371292</td>\n",
       "    </tr>\n",
       "    <tr>\n",
       "      <th>1</th>\n",
       "      <td>OilPrice</td>\n",
       "      <td>-0.154246</td>\n",
       "      <td>0.137024</td>\n",
       "      <td>-1.125686</td>\n",
       "      <td>0.260299</td>\n",
       "      <td></td>\n",
       "      <td>-0.310233</td>\n",
       "      <td>0.310233</td>\n",
       "    </tr>\n",
       "    <tr>\n",
       "      <th>2</th>\n",
       "      <td>CPE</td>\n",
       "      <td>0.001784</td>\n",
       "      <td>0.000652</td>\n",
       "      <td>2.737234</td>\n",
       "      <td>0.006196</td>\n",
       "      <td>***</td>\n",
       "      <td>0.272013</td>\n",
       "      <td>0.272013</td>\n",
       "    </tr>\n",
       "    <tr>\n",
       "      <th>3</th>\n",
       "      <td>MA_5_gt_MA_20</td>\n",
       "      <td>0.419135</td>\n",
       "      <td>0.237307</td>\n",
       "      <td>1.766212</td>\n",
       "      <td>0.077360</td>\n",
       "      <td>*</td>\n",
       "      <td>0.208573</td>\n",
       "      <td>0.208573</td>\n",
       "    </tr>\n",
       "    <tr>\n",
       "      <th>4</th>\n",
       "      <td>gfc_2008_shock</td>\n",
       "      <td>-1.628820</td>\n",
       "      <td>0.764527</td>\n",
       "      <td>-2.130493</td>\n",
       "      <td>0.033131</td>\n",
       "      <td>**</td>\n",
       "      <td>-0.203389</td>\n",
       "      <td>0.203389</td>\n",
       "    </tr>\n",
       "    <tr>\n",
       "      <th>5</th>\n",
       "      <td>war_2022_window</td>\n",
       "      <td>2.543175</td>\n",
       "      <td>1.590100</td>\n",
       "      <td>1.599381</td>\n",
       "      <td>0.109736</td>\n",
       "      <td></td>\n",
       "      <td>0.167899</td>\n",
       "      <td>0.167899</td>\n",
       "    </tr>\n",
       "    <tr>\n",
       "      <th>6</th>\n",
       "      <td>oil_volatility_20</td>\n",
       "      <td>0.127645</td>\n",
       "      <td>0.100527</td>\n",
       "      <td>1.269758</td>\n",
       "      <td>0.204171</td>\n",
       "      <td></td>\n",
       "      <td>0.159637</td>\n",
       "      <td>0.159637</td>\n",
       "    </tr>\n",
       "    <tr>\n",
       "      <th>7</th>\n",
       "      <td>IndustryProduction</td>\n",
       "      <td>-0.108080</td>\n",
       "      <td>0.089438</td>\n",
       "      <td>-1.208438</td>\n",
       "      <td>0.226879</td>\n",
       "      <td></td>\n",
       "      <td>-0.132410</td>\n",
       "      <td>0.132410</td>\n",
       "    </tr>\n",
       "    <tr>\n",
       "      <th>8</th>\n",
       "      <td>oil_diff_lag1</td>\n",
       "      <td>-0.063057</td>\n",
       "      <td>0.032707</td>\n",
       "      <td>-1.927902</td>\n",
       "      <td>0.053867</td>\n",
       "      <td>*</td>\n",
       "      <td>-0.126802</td>\n",
       "      <td>0.126802</td>\n",
       "    </tr>\n",
       "    <tr>\n",
       "      <th>9</th>\n",
       "      <td>war_2022_shock</td>\n",
       "      <td>-1.273132</td>\n",
       "      <td>0.889086</td>\n",
       "      <td>-1.431955</td>\n",
       "      <td>0.152157</td>\n",
       "      <td></td>\n",
       "      <td>-0.124072</td>\n",
       "      <td>0.124072</td>\n",
       "    </tr>\n",
       "    <tr>\n",
       "      <th>10</th>\n",
       "      <td>covid_2020_shock</td>\n",
       "      <td>-0.834647</td>\n",
       "      <td>1.341205</td>\n",
       "      <td>-0.622312</td>\n",
       "      <td>0.533737</td>\n",
       "      <td></td>\n",
       "      <td>-0.089653</td>\n",
       "      <td>0.089653</td>\n",
       "    </tr>\n",
       "    <tr>\n",
       "      <th>11</th>\n",
       "      <td>cond_opec_cut</td>\n",
       "      <td>-0.202061</td>\n",
       "      <td>0.104612</td>\n",
       "      <td>-1.931526</td>\n",
       "      <td>0.053418</td>\n",
       "      <td>*</td>\n",
       "      <td>-0.087173</td>\n",
       "      <td>0.087173</td>\n",
       "    </tr>\n",
       "    <tr>\n",
       "      <th>12</th>\n",
       "      <td>opec_2014_shock</td>\n",
       "      <td>-0.899708</td>\n",
       "      <td>0.376585</td>\n",
       "      <td>-2.389124</td>\n",
       "      <td>0.016889</td>\n",
       "      <td>**</td>\n",
       "      <td>-0.084800</td>\n",
       "      <td>0.084800</td>\n",
       "    </tr>\n",
       "    <tr>\n",
       "      <th>13</th>\n",
       "      <td>OPECProduction</td>\n",
       "      <td>-0.000139</td>\n",
       "      <td>0.000148</td>\n",
       "      <td>-0.940530</td>\n",
       "      <td>0.346946</td>\n",
       "      <td></td>\n",
       "      <td>-0.081208</td>\n",
       "      <td>0.081208</td>\n",
       "    </tr>\n",
       "    <tr>\n",
       "      <th>14</th>\n",
       "      <td>OilInventories</td>\n",
       "      <td>-0.000017</td>\n",
       "      <td>0.000006</td>\n",
       "      <td>-2.680678</td>\n",
       "      <td>0.007347</td>\n",
       "      <td>***</td>\n",
       "      <td>-0.079703</td>\n",
       "      <td>0.079703</td>\n",
       "    </tr>\n",
       "    <tr>\n",
       "      <th>15</th>\n",
       "      <td>VIX</td>\n",
       "      <td>-0.038314</td>\n",
       "      <td>0.021173</td>\n",
       "      <td>-1.809549</td>\n",
       "      <td>0.070366</td>\n",
       "      <td>*</td>\n",
       "      <td>-0.076236</td>\n",
       "      <td>0.076236</td>\n",
       "    </tr>\n",
       "    <tr>\n",
       "      <th>16</th>\n",
       "      <td>RealInterestRate</td>\n",
       "      <td>0.359224</td>\n",
       "      <td>0.168275</td>\n",
       "      <td>2.134739</td>\n",
       "      <td>0.032782</td>\n",
       "      <td>**</td>\n",
       "      <td>0.072186</td>\n",
       "      <td>0.072186</td>\n",
       "    </tr>\n",
       "    <tr>\n",
       "      <th>17</th>\n",
       "      <td>is_friday</td>\n",
       "      <td>-0.123418</td>\n",
       "      <td>0.089905</td>\n",
       "      <td>-1.372767</td>\n",
       "      <td>0.169825</td>\n",
       "      <td></td>\n",
       "      <td>-0.049380</td>\n",
       "      <td>0.049380</td>\n",
       "    </tr>\n",
       "    <tr>\n",
       "      <th>18</th>\n",
       "      <td>opec_2014_regime</td>\n",
       "      <td>-0.139397</td>\n",
       "      <td>0.110049</td>\n",
       "      <td>-1.266679</td>\n",
       "      <td>0.205270</td>\n",
       "      <td></td>\n",
       "      <td>-0.032183</td>\n",
       "      <td>0.032183</td>\n",
       "    </tr>\n",
       "  </tbody>\n",
       "</table>\n",
       "</div>"
      ],
      "text/plain": [
       "              variable      coef    SE_HC3     t_HC3     p_HC3  sig  std_beta  abs_std_beta\n",
       "0             MA_ratio -6.418401  3.235264 -1.983888  0.047268   ** -0.371292      0.371292\n",
       "1             OilPrice -0.154246  0.137024 -1.125686  0.260299      -0.310233      0.310233\n",
       "2                  CPE  0.001784  0.000652  2.737234  0.006196  ***  0.272013      0.272013\n",
       "3        MA_5_gt_MA_20  0.419135  0.237307  1.766212  0.077360    *  0.208573      0.208573\n",
       "4       gfc_2008_shock -1.628820  0.764527 -2.130493  0.033131   ** -0.203389      0.203389\n",
       "5      war_2022_window  2.543175  1.590100  1.599381  0.109736       0.167899      0.167899\n",
       "6    oil_volatility_20  0.127645  0.100527  1.269758  0.204171       0.159637      0.159637\n",
       "7   IndustryProduction -0.108080  0.089438 -1.208438  0.226879      -0.132410      0.132410\n",
       "8        oil_diff_lag1 -0.063057  0.032707 -1.927902  0.053867    * -0.126802      0.126802\n",
       "9       war_2022_shock -1.273132  0.889086 -1.431955  0.152157      -0.124072      0.124072\n",
       "10    covid_2020_shock -0.834647  1.341205 -0.622312  0.533737      -0.089653      0.089653\n",
       "11       cond_opec_cut -0.202061  0.104612 -1.931526  0.053418    * -0.087173      0.087173\n",
       "12     opec_2014_shock -0.899708  0.376585 -2.389124  0.016889   ** -0.084800      0.084800\n",
       "13      OPECProduction -0.000139  0.000148 -0.940530  0.346946      -0.081208      0.081208\n",
       "14      OilInventories -0.000017  0.000006 -2.680678  0.007347  *** -0.079703      0.079703\n",
       "15                 VIX -0.038314  0.021173 -1.809549  0.070366    * -0.076236      0.076236\n",
       "16    RealInterestRate  0.359224  0.168275  2.134739  0.032782   **  0.072186      0.072186\n",
       "17           is_friday -0.123418  0.089905 -1.372767  0.169825      -0.049380      0.049380\n",
       "18    opec_2014_regime -0.139397  0.110049 -1.266679  0.205270      -0.032183      0.032183"
      ]
     },
     "metadata": {},
     "output_type": "display_data"
    }
   ],
   "source": [
    "def sig_stars(p):\n",
    "    if pd.isna(p):\n",
    "        return \"\"\n",
    "    if p < 0.01:\n",
    "        return \"***\"\n",
    "    if p < 0.05:\n",
    "        return \"**\"\n",
    "    if p < 0.10:\n",
    "        return \"*\"\n",
    "    return \"\"\n",
    "\n",
    "rows = []\n",
    "for v in FINAL_FEATURES:\n",
    "    coef = ols_hc3.params[v]\n",
    "    se   = ols_hc3.bse[v]\n",
    "    tval = ols_hc3.tvalues[v]\n",
    "    pval = ols_hc3.pvalues[v]\n",
    "    std_b = coef * df_model[v].std()\n",
    "    rows.append({\n",
    "        \"variable\":     v,\n",
    "        \"coef\":         coef,\n",
    "        \"SE_HC3\":       se,\n",
    "        \"t_HC3\":        tval,\n",
    "        \"p_HC3\":        pval,\n",
    "        \"sig\":          sig_stars(pval),\n",
    "        \"std_beta\":     std_b,\n",
    "        \"abs_std_beta\": abs(std_b),\n",
    "    })\n",
    "\n",
    "coef_df = pd.DataFrame(rows)\n",
    "\n",
    "print(\"===== 정렬: p_HC3 오름차순 (유의성 우선) =====\")\n",
    "display(coef_df.sort_values(\"p_HC3\").round(6).reset_index(drop=True))\n",
    "\n",
    "print(\"\\n===== 정렬: abs_std_beta 내림차순 (효과 크기 우선) =====\")\n",
    "display(coef_df.sort_values(\"abs_std_beta\", ascending=False).round(6).reset_index(drop=True))"
   ]
  },
  {
   "cell_type": "markdown",
   "id": "732b704e",
   "metadata": {},
   "source": [
    "## 4. 변수 그룹별 해석\n",
    "\n",
    "- **가격/추세**: `MA_*`, `oil_momentum_*`, `oil_diff_lag*`\n",
    "- **변동성**: `oil_volatility_*`\n",
    "- **거시**: VIX, DollarIndex, RealInterestRate, CPI, TreasuryYield, FedFundsRate, TermSpread_*\n",
    "- **더미/이벤트**: `is_monday`, `is_friday`, `vix_high`, `*_shock`, `*_regime`, `*_window`\n",
    "- **기타**: 위 패턴에 매칭되지 않는 변수 (수급/펀더멘털 등)"
   ]
  },
  {
   "cell_type": "code",
   "execution_count": 5,
   "id": "cd0c2cdb",
   "metadata": {
    "execution": {
     "iopub.execute_input": "2026-05-16T15:29:06.898263Z",
     "iopub.status.busy": "2026-05-16T15:29:06.898199Z",
     "iopub.status.idle": "2026-05-16T15:29:06.908480Z",
     "shell.execute_reply": "2026-05-16T15:29:06.908022Z"
    }
   },
   "outputs": [
    {
     "name": "stdout",
     "output_type": "stream",
     "text": [
      "===== 변수별 그룹 분류 =====\n"
     ]
    },
    {
     "data": {
      "text/html": [
       "<div>\n",
       "<style scoped>\n",
       "    .dataframe tbody tr th:only-of-type {\n",
       "        vertical-align: middle;\n",
       "    }\n",
       "\n",
       "    .dataframe tbody tr th {\n",
       "        vertical-align: top;\n",
       "    }\n",
       "\n",
       "    .dataframe thead th {\n",
       "        text-align: right;\n",
       "    }\n",
       "</style>\n",
       "<table border=\"1\" class=\"dataframe\">\n",
       "  <thead>\n",
       "    <tr style=\"text-align: right;\">\n",
       "      <th></th>\n",
       "      <th>variable</th>\n",
       "      <th>group</th>\n",
       "      <th>coef</th>\n",
       "      <th>std_beta</th>\n",
       "      <th>p_HC3</th>\n",
       "      <th>sig</th>\n",
       "    </tr>\n",
       "  </thead>\n",
       "  <tbody>\n",
       "    <tr>\n",
       "      <th>0</th>\n",
       "      <td>MA_ratio</td>\n",
       "      <td>가격/추세</td>\n",
       "      <td>-6.418401</td>\n",
       "      <td>-0.371292</td>\n",
       "      <td>0.047268</td>\n",
       "      <td>**</td>\n",
       "    </tr>\n",
       "    <tr>\n",
       "      <th>1</th>\n",
       "      <td>MA_5_gt_MA_20</td>\n",
       "      <td>가격/추세</td>\n",
       "      <td>0.419135</td>\n",
       "      <td>0.208573</td>\n",
       "      <td>0.077360</td>\n",
       "      <td>*</td>\n",
       "    </tr>\n",
       "    <tr>\n",
       "      <th>2</th>\n",
       "      <td>oil_diff_lag1</td>\n",
       "      <td>가격/추세</td>\n",
       "      <td>-0.063057</td>\n",
       "      <td>-0.126802</td>\n",
       "      <td>0.053867</td>\n",
       "      <td>*</td>\n",
       "    </tr>\n",
       "    <tr>\n",
       "      <th>3</th>\n",
       "      <td>VIX</td>\n",
       "      <td>거시</td>\n",
       "      <td>-0.038314</td>\n",
       "      <td>-0.076236</td>\n",
       "      <td>0.070366</td>\n",
       "      <td>*</td>\n",
       "    </tr>\n",
       "    <tr>\n",
       "      <th>4</th>\n",
       "      <td>RealInterestRate</td>\n",
       "      <td>거시</td>\n",
       "      <td>0.359224</td>\n",
       "      <td>0.072186</td>\n",
       "      <td>0.032782</td>\n",
       "      <td>**</td>\n",
       "    </tr>\n",
       "    <tr>\n",
       "      <th>5</th>\n",
       "      <td>OilPrice</td>\n",
       "      <td>기타</td>\n",
       "      <td>-0.154246</td>\n",
       "      <td>-0.310233</td>\n",
       "      <td>0.260299</td>\n",
       "      <td></td>\n",
       "    </tr>\n",
       "    <tr>\n",
       "      <th>6</th>\n",
       "      <td>CPE</td>\n",
       "      <td>기타</td>\n",
       "      <td>0.001784</td>\n",
       "      <td>0.272013</td>\n",
       "      <td>0.006196</td>\n",
       "      <td>***</td>\n",
       "    </tr>\n",
       "    <tr>\n",
       "      <th>7</th>\n",
