{
 "cells": [
  {
   "cell_type": "markdown",
   "id": "5709c6f1",
   "metadata": {},
   "source": [
    "# Modeling_OLS_interpretation\n",
    "\n",
    "OLS 예측 단계에서 확정한 `final_aic_features`를 사용해 **전체 데이터**로 재적합하고, 변수의 효과를 해석한다.\n",
    "\n",
    "- β 부호·크기, HC3 robust p-value, 표준화 β\n",
    "- 변수 그룹별 요약\n",
    "- 잔차 진단 (전체 데이터 기준 재확인)\n",
    "- LGBM(SHAP) 해석과 비교하기 위한 산출물 저장\n",
    "\n",
    "변수 선택은 하지 않는다. (이미 `final_features.json` 확정)"
   ]
  },
  {
   "cell_type": "markdown",
   "id": "93b21d6b",
   "metadata": {},
   "source": [
    "## 1. 설정 로드"
   ]
  },
  {
   "cell_type": "code",
   "execution_count": 1,
   "id": "bd9a161e",
   "metadata": {
    "execution": {
     "iopub.execute_input": "2026-05-20T15:23:23.724669Z",
     "iopub.status.busy": "2026-05-20T15:23:23.724402Z",
     "iopub.status.idle": "2026-05-20T15:23:24.801384Z",
     "shell.execute_reply": "2026-05-20T15:23:24.801154Z"
    }
   },
   "outputs": [
    {
     "name": "stdout",
     "output_type": "stream",
     "text": [
      "TARGET       : oil_diff_target\n",
      "SPLIT_DATE   : 2022-07-20 (참고용, 해석은 전체 데이터)\n",
      "DATA_FILE    : dataset4_derived_full_with_dummies.csv\n",
      "n_features   : 19\n",
      "\n",
      "final_aic_features:\n",
      "  - OilPrice\n",
      "  - RealInterestRate\n",
      "  - VIX\n",
      "  - IndustryProduction\n",
      "  - CPE\n",
      "  - OilInventories\n",
      "  - OPECProduction\n",
      "  - TreasuryYield\n",
      "  - oil_diff_lag1\n",
      "  - MA_ratio\n",
      "  - MA_5_gt_MA_20\n",
      "  - vix_high\n",
      "  - is_friday\n",
      "  - gfc_2008_shock\n",
      "  - gfc_2008_regime\n",
      "  - opec_2014_window\n",
      "  - covid_2020_window\n",
      "  - war_2022_window\n",
      "  - cond_opec_cut\n"
     ]
    }
   ],
   "source": [
    "import json\n",
    "import warnings\n",
    "from pathlib import Path\n",
    "\n",
    "import numpy as np\n",
    "import pandas as pd\n",
    "import matplotlib.pyplot as plt\n",
    "\n",
    "import statsmodels.api as sm\n",
    "from statsmodels.stats.stattools import durbin_watson\n",
    "from statsmodels.stats.diagnostic import acorr_ljungbox, het_breuschpagan\n",
    "from statsmodels.graphics.tsaplots import plot_acf, plot_pacf\n",
    "\n",
    "from IPython.display import display, Markdown\n",
    "\n",
    "pd.set_option(\"display.max_columns\", 200)\n",
    "pd.set_option(\"display.width\", 200)\n",
    "\n",
    "BASELINE_DIR = Path(\"../outputs/baseline\")\n",
    "CONFIG_PATH = BASELINE_DIR / \"final_features.json\"\n",
    "\n",
    "with open(CONFIG_PATH, encoding=\"utf-8\") as f:\n",
    "    cfg = json.load(f)\n",
    "\n",
    "TARGET = cfg[\"target\"]\n",
    "SPLIT_DATE = cfg[\"split_date\"]\n",
    "FINAL_FEATURES = list(cfg[\"final_aic_features\"])\n",
    "DATA_FILE_NAME = cfg[\"data_file\"]\n",
    "\n",
    "print(\"TARGET       :\", TARGET)\n",
    "print(\"SPLIT_DATE   :\", SPLIT_DATE, \"(참고용, 해석은 전체 데이터)\")\n",
    "print(\"DATA_FILE    :\", DATA_FILE_NAME)\n",
    "print(\"n_features   :\", len(FINAL_FEATURES))\n",
    "print(\"\\nfinal_aic_features:\")\n",
    "for c in FINAL_FEATURES:\n",
    "    print(\"  -\", c)"
   ]
  },
  {
   "cell_type": "code",
   "execution_count": 2,
   "id": "b3cf8014",
   "metadata": {
    "execution": {
     "iopub.execute_input": "2026-05-20T15:23:24.802504Z",
     "iopub.status.busy": "2026-05-20T15:23:24.802373Z",
     "iopub.status.idle": "2026-05-20T15:23:24.820863Z",
     "shell.execute_reply": "2026-05-20T15:23:24.820627Z"
    }
   },
   "outputs": [
    {
     "name": "stdout",
     "output_type": "stream",
     "text": [
      "shape: (4547, 43)\n",
      "기간 : 2008-01-31 ~ 2026-03-13\n",
      "n_obs: 4547\n"
     ]
    }
   ],
   "source": [
    "# 데이터 로드: 예측 노트북과 동일한 전처리 (date 인덱스, 정렬, 결측 제거)\n",
    "DATA_PATH = Path(\"../data/Finance_Final\") / DATA_FILE_NAME\n",
    "\n",
    "cols = pd.read_csv(DATA_PATH, nrows=0).columns.tolist()\n",
    "if \"date\" in cols:\n",
    "    DATE_COL = \"date\"\n",
    "elif \"Date\" in cols:\n",
    "    DATE_COL = \"Date\"\n",
    "else:\n",
    "    DATE_COL = cols[0]\n",
    "\n",
    "df = pd.read_csv(DATA_PATH, parse_dates=[DATE_COL])\n",
    "df = df.rename(columns={DATE_COL: \"date\"}).set_index(\"date\").sort_index()\n",
    "df_model = df.dropna().copy()\n",
    "\n",
    "missing = [c for c in FINAL_FEATURES + [TARGET] if c not in df_model.columns]\n",
    "if missing:\n",
    "    raise ValueError(f\"필수 컬럼 누락: {missing}\")\n",
    "\n",
    "print(\"shape:\", df_model.shape)\n",
    "print(\"기간 :\", df_model.index.min().date(), \"~\", df_model.index.max().date())\n",
    "print(\"n_obs:\", len(df_model))"
   ]
  },
  {
   "cell_type": "markdown",
   "id": "04818a29",
   "metadata": {},
   "source": [
    "## 2. 전체 데이터 OLS 재적합"
   ]
  },
  {
   "cell_type": "code",
   "execution_count": 3,
   "id": "8b824a97",
   "metadata": {
    "execution": {
     "iopub.execute_input": "2026-05-20T15:23:24.821979Z",
     "iopub.status.busy": "2026-05-20T15:23:24.821919Z",
     "iopub.status.idle": "2026-05-20T15:23:24.844722Z",
     "shell.execute_reply": "2026-05-20T15:23:24.844245Z"
    }
   },
   "outputs": [
    {
     "name": "stdout",
     "output_type": "stream",
     "text": [
      "===== OLS (일반 SE) =====\n",
      "                            OLS Regression Results                            \n",
      "==============================================================================\n",
      "Dep. Variable:        oil_diff_target   R-squared:                       0.040\n",
      "Model:                            OLS   Adj. R-squared:                  0.036\n",
      "Method:                 Least Squares   F-statistic:                     9.990\n",
      "Date:                Thu, 21 May 2026   Prob (F-statistic):           1.78e-29\n",
      "Time:                        00:23:24   Log-Likelihood:                -9605.1\n",
      "No. Observations:                4547   AIC:                         1.925e+04\n",
      "Df Residuals:                    4527   BIC:                         1.938e+04\n",
      "Df Model:                          19                                         \n",
      "Covariance Type:            nonrobust                                         \n",
      "======================================================================================\n",
      "                         coef    std err          t      P>|t|      [0.025      0.975]\n",
      "--------------------------------------------------------------------------------------\n",
      "const                  4.8131      0.733      6.562      0.000       3.375       6.251\n",
      "OilPrice              -0.1582      0.015    -10.398      0.000      -0.188      -0.128\n",
      "RealInterestRate      -0.2936      0.149     -1.968      0.049      -0.586      -0.001\n",
      "VIX                   -0.0295      0.016     -1.889      0.059      -0.060       0.001\n",
      "IndustryProduction     0.0830      0.041      2.041      0.041       0.003       0.163\n",
      "CPE                   -0.0014      0.000     -3.695      0.000      -0.002      -0.001\n",
      "OilInventories     -3.869e-06   6.26e-06     -0.618      0.537   -1.61e-05     8.4e-06\n",
      "OPECProduction        -0.0002   7.58e-05     -2.429      0.015      -0.000   -3.55e-05\n",
      "TreasuryYield          1.1589      0.536      2.163      0.031       0.109       2.209\n",
      "oil_diff_lag1         -0.0683      0.015     -4.595      0.000      -0.097      -0.039\n",
      "MA_ratio              -4.8745      0.750     -6.502      0.000      -6.344      -3.405\n",
      "MA_5_gt_MA_20          0.3466      0.078      4.416      0.000       0.193       0.501\n",
      "vix_high              -0.2120      0.136     -1.558      0.119      -0.479       0.055\n",
      "is_friday             -0.1053      0.074     -1.414      0.157      -0.251       0.041\n",
      "gfc_2008_shock        -0.8650      0.273     -3.173      0.002      -1.399      -0.331\n",
      "gfc_2008_regime        0.4991      0.222      2.251      0.024       0.065       0.934\n",
      "opec_2014_window      -1.0060      0.466     -2.159      0.031      -1.919      -0.093\n",
      "covid_2020_window     -1.4205      0.485     -2.931      0.003      -2.371      -0.470\n",
      "war_2022_window        1.6439      0.448      3.667      0.000       0.765       2.523\n",
      "cond_opec_cut         -0.1698      0.090     -1.893      0.058      -0.346       0.006\n",
      "==============================================================================\n",
      "Omnibus:                     4373.451   Durbin-Watson:                   1.997\n",
      "Prob(Omnibus):                  0.000   Jarque-Bera (JB):          4537027.540\n",
      "Skew:                          -3.576   Prob(JB):                         0.00\n",
      "Kurtosis:                     157.584   Cond. No.                     1.74e+05\n",
      "==============================================================================\n",
      "\n",
      "Notes:\n",
      "[1] Standard Errors assume that the covariance matrix of the errors is correctly specified.\n",
      "[2] The condition number is large, 1.74e+05. This might indicate that there are\n",
      "strong multicollinearity or other numerical problems.\n",
      "\n",
      "===== OLS (HC3 robust SE) =====\n",
      "                            OLS Regression Results                            \n",
      "==============================================================================\n",
      "Dep. Variable:        oil_diff_target   R-squared:                       0.040\n",
      "Model:                            OLS   Adj. R-squared:                  0.036\n",
      "Method:                 Least Squares   F-statistic:                     1.364\n",
      "Date:                Thu, 21 May 2026   Prob (F-statistic):              0.133\n",
      "Time:                        00:23:24   Log-Likelihood:                -9605.1\n",
      "No. Observations:                4547   AIC:                         1.925e+04\n",
      "Df Residuals:                    4527   BIC:                         1.938e+04\n",
      "Df Model:                          19                                         \n",
      "Covariance Type:                  HC3                                         \n",
      "======================================================================================\n",
      "                         coef    std err          z      P>|z|      [0.025      0.975]\n",
      "--------------------------------------------------------------------------------------\n",
      "const                  4.8131      3.260      1.476      0.140      -1.577      11.203\n",
      "OilPrice              -0.1582      0.141     -1.120      0.263      -0.435       0.119\n",
      "RealInterestRate      -0.2936      0.173     -1.695      0.090      -0.633       0.046\n",
      "VIX                   -0.0295      0.022     -1.349      0.177      -0.072       0.013\n",
      "IndustryProduction     0.0830      0.060      1.382      0.167      -0.035       0.201\n",
      "CPE                   -0.0014      0.001     -1.838      0.066      -0.003    9.29e-05\n",
      "OilInventories     -3.869e-06    1.2e-05     -0.322      0.747   -2.74e-05    1.97e-05\n",
      "OPECProduction        -0.0002      0.000     -1.766      0.077      -0.000    2.03e-05\n",
      "TreasuryYield          1.1589      1.027      1.129      0.259      -0.853       3.171\n",
      "oil_diff_lag1         -0.0683      0.035     -1.969      0.049      -0.136      -0.000\n",
      "MA_ratio              -4.8745      3.343     -1.458      0.145     -11.427       1.678\n",
      "MA_5_gt_MA_20          0.3466      0.233      1.488      0.137      -0.110       0.803\n",
      "vix_high              -0.2120      0.286     -0.742      0.458      -0.772       0.348\n",
      "is_friday             -0.1053      0.092     -1.139      0.255      -0.287       0.076\n",
      "gfc_2008_shock        -0.8650      0.701     -1.233      0.218      -2.240       0.510\n",
      "gfc_2008_regime        0.4991      0.308      1.621      0.105      -0.104       1.103\n",
      "opec_2014_window      -1.0060      0.473     -2.129      0.033      -1.932      -0.080\n",
      "covid_2020_window     -1.4205      1.224     -1.161      0.246      -3.819       0.978\n",
      "war_2022_window        1.6439      1.337      1.229      0.219      -0.977       4.265\n",
      "cond_opec_cut         -0.1698      0.089     -1.899      0.058      -0.345       0.005\n",
      "==============================================================================\n",
      "Omnibus:                     4373.451   Durbin-Watson:                   1.997\n",
      "Prob(Omnibus):                  0.000   Jarque-Bera (JB):          4537027.540\n",
      "Skew:                          -3.576   Prob(JB):                         0.00\n",
      "Kurtosis:                     157.584   Cond. No.                     1.74e+05\n",
      "==============================================================================\n",
      "\n",
      "Notes:\n",
      "[1] Standard Errors are heteroscedasticity robust (HC3)\n",
      "[2] The condition number is large, 1.74e+05. This might indicate that there are\n",
      "strong multicollinearity or other numerical problems.\n"
     ]
    }
   ],
   "source": [
    "X_all = sm.add_constant(df_model[FINAL_FEATURES], has_constant=\"add\")\n",
    "y_all = df_model[TARGET]\n",
    "\n",
    "ols_plain = sm.OLS(y_all, X_all).fit()\n",
    "ols_hc3   = sm.OLS(y_all, X_all).fit(cov_type=\"HC3\")\n",
    "\n",
    "print(\"===== OLS (일반 SE) =====\")\n",
    "print(ols_plain.summary())\n",
    "print(\"\\n===== OLS (HC3 robust SE) =====\")\n",
    "print(ols_hc3.summary())"
   ]
  },
  {
   "cell_type": "markdown",
   "id": "a0d2a180",
   "metadata": {},
   "source": [
    "## 3. 핵심 계수 표 (HC3 기준)"
   ]
  },
  {
   "cell_type": "code",
   "execution_count": 4,
   "id": "1273c74a",
   "metadata": {
    "execution": {
     "iopub.execute_input": "2026-05-20T15:23:24.846729Z",
     "iopub.status.busy": "2026-05-20T15:23:24.846544Z",
     "iopub.status.idle": "2026-05-20T15:23:24.865128Z",
     "shell.execute_reply": "2026-05-20T15:23:24.864774Z"
    }
   },
   "outputs": [
    {
     "name": "stdout",
     "output_type": "stream",
     "text": [
      "===== 정렬: p_HC3 오름차순 (유의성 우선) =====\n"
     ]
    },
    {
     "data": {
      "text/html": [
       "<div>\n",
       "<style scoped>\n",
       "    .dataframe tbody tr th:only-of-type {\n",
       "        vertical-align: middle;\n",
       "    }\n",
       "\n",
       "    .dataframe tbody tr th {\n",
       "        vertical-align: top;\n",
       "    }\n",
       "\n",
       "    .dataframe thead th {\n",
       "        text-align: right;\n",
       "    }\n",
       "</style>\n",
       "<table border=\"1\" class=\"dataframe\">\n",
       "  <thead>\n",
       "    <tr style=\"text-align: right;\">\n",
       "      <th></th>\n",
       "      <th>variable</th>\n",
       "      <th>coef</th>\n",
       "      <th>SE_HC3</th>\n",
       "      <th>t_HC3</th>\n",
       "      <th>p_HC3</th>\n",
       "      <th>sig</th>\n",
       "      <th>std_beta</th>\n",
       "      <th>abs_std_beta</th>\n",
       "    </tr>\n",
       "  </thead>\n",
       "  <tbody>\n",
       "    <tr>\n",
       "      <th>0</th>\n",
       "      <td>opec_2014_window</td>\n",
       "      <td>-1.005994</td>\n",
       "      <td>0.472601</td>\n",
       "      <td>-2.128634</td>\n",
       "      <td>0.033285</td>\n",
       "      <td>**</td>\n",
       "      <td>-0.064901</td>\n",
       "      <td>0.064901</td>\n",
       "    </tr>\n",
       "    <tr>\n",
       "      <th>1</th>\n",
       "      <td>oil_diff_lag1</td>\n",
       "      <td>-0.068290</td>\n",
       "      <td>0.034677</td>\n",
       "      <td>-1.969307</td>\n",
       "      <td>0.048918</td>\n",
       "      <td>**</td>\n",
       "      <td>-0.139351</td>\n",
       "      <td>0.139351</td>\n",
       "    </tr>\n",
       "    <tr>\n",
       "      <th>2</th>\n",
       "      <td>cond_opec_cut</td>\n",
       "      <td>-0.169825</td>\n",
       "      <td>0.089435</td>\n",
       "      <td>-1.898858</td>\n",
       "      <td>0.057583</td>\n",
       "      <td>*</td>\n",
       "      <td>-0.073311</td>\n",
       "      <td>0.073311</td>\n",
       "    </tr>\n",
       "    <tr>\n",
       "      <th>3</th>\n",
       "      <td>CPE</td>\n",
       "      <td>-0.001396</td>\n",
       "      <td>0.000760</td>\n",
       "      <td>-1.837711</td>\n",
       "      <td>0.066105</td>\n",
       "      <td>*</td>\n",
       "      <td>-0.219413</td>\n",
       "      <td>0.219413</td>\n",
       "    </tr>\n",
       "    <tr>\n",
       "      <th>4</th>\n",
       "      <td>OPECProduction</td>\n",
       "      <td>-0.000184</td>\n",
       "      <td>0.000104</td>\n",
       "      <td>-1.765651</td>\n",
       "      <td>0.077454</td>\n",
       "      <td>*</td>\n",
       "      <td>-0.111336</td>\n",
       "      <td>0.111336</td>\n",
       "    </tr>\n",
       "    <tr>\n",
       "      <th>5</th>\n",
       "      <td>RealInterestRate</td>\n",
       "      <td>-0.293622</td>\n",
       "      <td>0.173249</td>\n",
       "      <td>-1.694798</td>\n",
       "      <td>0.090114</td>\n",
       "      <td>*</td>\n",
       "      <td>-0.059646</td>\n",
       "      <td>0.059646</td>\n",
       "    </tr>\n",
       "    <tr>\n",
       "      <th>6</th>\n",
       "      <td>gfc_2008_regime</td>\n",
       "      <td>0.499118</td>\n",
       "      <td>0.307870</td>\n",
       "      <td>1.621196</td>\n",
       "      <td>0.104976</td>\n",
       "      <td></td>\n",
       "      <td>0.081301</td>\n",
       "      <td>0.081301</td>\n",
       "    </tr>\n",
       "    <tr>\n",
       "      <th>7</th>\n",
       "      <td>MA_5_gt_MA_20</td>\n",
       "      <td>0.346636</td>\n",
       "      <td>0.232961</td>\n",
       "      <td>1.487960</td>\n",
       "      <td>0.136761</td>\n",
       "      <td></td>\n",
       "      <td>0.172772</td>\n",
       "      <td>0.172772</td>\n",
       "    </tr>\n",
       "    <tr>\n",
       "      <th>8</th>\n",
       "      <td>MA_ratio</td>\n",
       "      <td>-4.874492</td>\n",
       "      <td>3.343065</td>\n",
       "      <td>-1.458091</td>\n",
       "      <td>0.144816</td>\n",
       "      <td></td>\n",
       "      <td>-0.286880</td>\n",
       "      <td>0.286880</td>\n",
       "    </tr>\n",
       "    <tr>\n",
       "      <th>9</th>\n",
       "      <td>IndustryProduction</td>\n",
       "      <td>0.082998</td>\n",
       "      <td>0.060059</td>\n",
       "      <td>1.381949</td>\n",
       "      <td>0.166988</td>\n",
       "      <td></td>\n",
       "      <td>0.104493</td>\n",
       "      <td>0.104493</td>\n",
       "    </tr>\n",
       "    <tr>\n",
       "      <th>10</th>\n",
       "      <td>VIX</td>\n",
       "      <td>-0.029483</td>\n",
       "      <td>0.021856</td>\n",
       "      <td>-1.348928</td>\n",
       "      <td>0.177360</td>\n",
       "      <td></td>\n",
       "      <td>-0.059124</td>\n",
       "      <td>0.059124</td>\n",
       "    </tr>\n",
       "    <tr>\n",
       "      <th>11</th>\n",
       "      <td>gfc_2008_shock</td>\n",
       "      <td>-0.864974</td>\n",
       "      <td>0.701453</td>\n",
       "      <td>-1.233118</td>\n",
       "      <td>0.217532</td>\n",
       "      <td></td>\n",
       "      <td>-0.110901</td>\n",
       "      <td>0.110901</td>\n",
       "    </tr>\n",
       "    <tr>\n",
       "      <th>12</th>\n",
       "      <td>war_2022_window</td>\n",
       "      <td>1.643934</td>\n",
       "      <td>1.337287</td>\n",
       "      <td>1.229306</td>\n",
       "      <td>0.218957</td>\n",
       "      <td></td>\n",
       "      <td>0.111474</td>\n",
       "      <td>0.111474</td>\n",
       "    </tr>\n",
       "    <tr>\n",
       "      <th>13</th>\n",
       "      <td>covid_2020_window</td>\n",
       "      <td>-1.420482</td>\n",
       "      <td>1.223818</td>\n",
       "      <td>-1.160697</td>\n",
       "      <td>0.245765</td>\n",
       "      <td></td>\n",
       "      <td>-0.096322</td>\n",
       "      <td>0.096322</td>\n",
       "    </tr>\n",
       "    <tr>\n",
       "      <th>14</th>\n",
       "      <td>is_friday</td>\n",
       "      <td>-0.105312</td>\n",
       "      <td>0.092466</td>\n",
       "      <td>-1.138919</td>\n",
       "      <td>0.254737</td>\n",
       "      <td></td>\n",
       "      <td>-0.042122</td>\n",
       "      <td>0.042122</td>\n",
       "    </tr>\n",
       "    <tr>\n",
       "      <th>15</th>\n",
       "      <td>TreasuryYield</td>\n",
       "      <td>1.158938</td>\n",
       "      <td>1.026646</td>\n",
       "      <td>1.128858</td>\n",
       "      <td>0.258958</td>\n",
       "      <td></td>\n",
       "      <td>0.067139</td>\n",
       "      <td>0.067139</td>\n",
       "    </tr>\n",
       "    <tr>\n",
       "      <th>16</th>\n",
       "      <td>OilPrice</td>\n",
       "      <td>-0.158226</td>\n",
       "      <td>0.141217</td>\n",
       "      <td>-1.120439</td>\n",
       "      <td>0.262527</td>\n",
       "      <td></td>\n",
       "      <td>-0.322940</td>\n",
       "      <td>0.322940</td>\n",
       "    </tr>\n",
       "    <tr>\n",
       "      <th>17</th>\n",
       "      <td>vix_high</td>\n",
       "      <td>-0.212033</td>\n",
       "      <td>0.285623</td>\n",
       "      <td>-0.742355</td>\n",
       "      <td>0.457872</td>\n",
       "      <td></td>\n",
       "      <td>-0.062820</td>\n",
       "      <td>0.062820</td>\n",
       "    </tr>\n",
       "    <tr>\n",
       "      <th>18</th>\n",
       "      <td>OilInventories</td>\n",
       "      <td>-0.000004</td>\n",
       "      <td>0.000012</td>\n",
       "      <td>-0.322118</td>\n",
       "      <td>0.747363</td>\n",
       "      <td></td>\n",
       "      <td>-0.018774</td>\n",
       "      <td>0.018774</td>\n",
       "    </tr>\n",
       "  </tbody>\n",
       "</table>\n",
       "</div>"
      ],
      "text/plain": [
       "              variable      coef    SE_HC3     t_HC3     p_HC3 sig  std_beta  abs_std_beta\n",
       "0     opec_2014_window -1.005994  0.472601 -2.128634  0.033285  ** -0.064901      0.064901\n",
       "1        oil_diff_lag1 -0.068290  0.034677 -1.969307  0.048918  ** -0.139351      0.139351\n",
       "2        cond_opec_cut -0.169825  0.089435 -1.898858  0.057583   * -0.073311      0.073311\n",
       "3                  CPE -0.001396  0.000760 -1.837711  0.066105   * -0.219413      0.219413\n",
       "4       OPECProduction -0.000184  0.000104 -1.765651  0.077454   * -0.111336      0.111336\n",
       "5     RealInterestRate -0.293622  0.173249 -1.694798  0.090114   * -0.059646      0.059646\n",
       "6      gfc_2008_regime  0.499118  0.307870  1.621196  0.104976      0.081301      0.081301\n",
       "7        MA_5_gt_MA_20  0.346636  0.232961  1.487960  0.136761      0.172772      0.172772\n",
       "8             MA_ratio -4.874492  3.343065 -1.458091  0.144816     -0.286880      0.286880\n",
       "9   IndustryProduction  0.082998  0.060059  1.381949  0.166988      0.104493      0.104493\n",
       "10                 VIX -0.029483  0.021856 -1.348928  0.177360     -0.059124      0.059124\n",
       "11      gfc_2008_shock -0.864974  0.701453 -1.233118  0.217532     -0.110901      0.110901\n",
       "12     war_2022_window  1.643934  1.337287  1.229306  0.218957      0.111474      0.111474\n",
       "13   covid_2020_window -1.420482  1.223818 -1.160697  0.245765     -0.096322      0.096322\n",
       "14           is_friday -0.105312  0.092466 -1.138919  0.254737     -0.042122      0.042122\n",
       "15       TreasuryYield  1.158938  1.026646  1.128858  0.258958      0.067139      0.067139\n",
       "16            OilPrice -0.158226  0.141217 -1.120439  0.262527     -0.322940      0.322940\n",
       "17            vix_high -0.212033  0.285623 -0.742355  0.457872     -0.062820      0.062820\n",
       "18      OilInventories -0.000004  0.000012 -0.322118  0.747363     -0.018774      0.018774"
      ]
     },
     "metadata": {},
     "output_type": "display_data"
    },
    {
     "name": "stdout",
     "output_type": "stream",
     "text": [
      "\n",
      "===== 정렬: abs_std_beta 내림차순 (효과 크기 우선) =====\n"
     ]
    },
    {
     "data": {
      "text/html": [
       "<div>\n",
       "<style scoped>\n",
       "    .dataframe tbody tr th:only-of-type {\n",
       "        vertical-align: middle;\n",
       "    }\n",
       "\n",
       "    .dataframe tbody tr th {\n",
       "        vertical-align: top;\n",
       "    }\n",
       "\n",
       "    .dataframe thead th {\n",
       "        text-align: right;\n",
       "    }\n",
       "</style>\n",
       "<table border=\"1\" class=\"dataframe\">\n",
       "  <thead>\n",
       "    <tr style=\"text-align: right;\">\n",
       "      <th></th>\n",
       "      <th>variable</th>\n",
       "      <th>coef</th>\n",
       "      <th>SE_HC3</th>\n",
       "      <th>t_HC3</th>\n",
       "      <th>p_HC3</th>\n",
       "      <th>sig</th>\n",
       "      <th>std_beta</th>\n",
       "      <th>abs_std_beta</th>\n",
       "    </tr>\n",
       "  </thead>\n",
       "  <tbody>\n",
       "    <tr>\n",
       "      <th>0</th>\n",
       "      <td>OilPrice</td>\n",
       "      <td>-0.158226</td>\n",
       "      <td>0.141217</td>\n",
       "      <td>-1.120439</td>\n",
       "      <td>0.262527</td>\n",
       "      <td></td>\n",
       "      <td>-0.322940</td>\n",
       "      <td>0.322940</td>\n",
       "    </tr>\n",
       "    <tr>\n",
       "      <th>1</th>\n",
       "      <td>MA_ratio</td>\n",
       "      <td>-4.874492</td>\n",
       "      <td>3.343065</td>\n",
       "      <td>-1.458091</td>\n",
       "      <td>0.144816</td>\n",
       "      <td></td>\n",
       "      <td>-0.286880</td>\n",
       "      <td>0.286880</td>\n",
       "    </tr>\n",
       "    <tr>\n",
       "      <th>2</th>\n",
       "      <td>CPE</td>\n",
       "      <td>-0.001396</td>\n",
       "      <td>0.000760</td>\n",
       "      <td>-1.837711</td>\n",
       "      <td>0.066105</td>\n",
       "      <td>*</td>\n",
       "      <td>-0.219413</td>\n",
       "      <td>0.219413</td>\n",
       "    </tr>\n",
       "    <tr>\n",
       "      <th>3</th>\n",
       "      <td>MA_5_gt_MA_20</td>\n",
       "      <td>0.346636</td>\n",
       "      <td>0.232961</td>\n",
       "      <td>1.487960</td>\n",
       "      <td>0.136761</td>\n",
       "      <td></td>\n",
       "      <td>0.172772</td>\n",
       "      <td>0.172772</td>\n",
       "    </tr>\n",
       "    <tr>\n",
       "      <th>4</th>\n",
       "      <td>oil_diff_lag1</td>\n",
       "      <td>-0.068290</td>\n",
       "      <td>0.034677</td>\n",
       "      <td>-1.969307</td>\n",
       "      <td>0.048918</td>\n",
       "      <td>**</td>\n",
       "      <td>-0.139351</td>\n",
       "      <td>0.139351</td>\n",
       "    </tr>\n",
       "    <tr>\n",
       "      <th>5</th>\n",
       "      <td>war_2022_window</td>\n",
       "      <td>1.643934</td>\n",
       "      <td>1.337287</td>\n",
       "      <td>1.229306</td>\n",
       "      <td>0.218957</td>\n",
       "      <td></td>\n",
       "      <td>0.111474</td>\n",
       "      <td>0.111474</td>\n",
       "    </tr>\n",
       "    <tr>\n",
       "      <th>6</th>\n",
       "      <td>OPECProduction</td>\n",
       "      <td>-0.000184</td>\n",
       "      <td>0.000104</td>\n",
       "      <td>-1.765651</td>\n",
       "      <td>0.077454</td>\n",
       "      <td>*</td>\n",
       "      <td>-0.111336</td>\n",
       "      <td>0.111336</td>\n",
       "    </tr>\n",
       "    <tr>\n",
       "      <th>7</th>\n",
       "      <td>gfc_2008_shock</td>\n",
       "      <td>-0.864974</td>\n",
       "      <td>0.701453</td>\n",
       "      <td>-1.233118</td>\n",
       "      <td>0.217532</td>\n",
       "      <td></td>\n",
       "      <td>-0.110901</td>\n",
       "      <td>0.110901</td>\n",
       "    </tr>\n",
       "    <tr>\n",
       "      <th>8</th>\n",
       "      <td>IndustryProduction</td>\n",
       "      <td>0.082998</td>\n",
       "      <td>0.060059</td>\n",
       "      <td>1.381949</td>\n",
       "      <td>0.166988</td>\n",
       "      <td></td>\n",
       "      <td>0.104493</td>\n",
       "      <td>0.104493</td>\n",
       "    </tr>\n",
       "    <tr>\n",
       "      <th>9</th>\n",
       "      <td>covid_2020_window</td>\n",
       "      <td>-1.420482</td>\n",
       "      <td>1.223818</td>\n",
       "      <td>-1.160697</td>\n",
       "      <td>0.245765</td>\n",
       "      <td></td>\n",
       "      <td>-0.096322</td>\n",
       "      <td>0.096322</td>\n",
       "    </tr>\n",
       "    <tr>\n",
       "      <th>10</th>\n",
       "      <td>gfc_2008_regime</td>\n",
       "      <td>0.499118</td>\n",
       "      <td>0.307870</td>\n",
       "      <td>1.621196</td>\n",
       "      <td>0.104976</td>\n",
       "      <td></td>\n",
       "      <td>0.081301</td>\n",
       "      <td>0.081301</td>\n",
       "    </tr>\n",
       "    <tr>\n",
       "      <th>11</th>\n",
       "      <td>cond_opec_cut</td>\n",
       "      <td>-0.169825</td>\n",
       "      <td>0.089435</td>\n",
       "      <td>-1.898858</td>\n",
       "      <td>0.057583</td>\n",
       "      <td>*</td>\n",
       "      <td>-0.073311</td>\n",
       "      <td>0.073311</td>\n",
       "    </tr>\n",
       "    <tr>\n",
       "      <th>12</th>\n",
       "      <td>TreasuryYield</td>\n",
       "      <td>1.158938</td>\n",
       "      <td>1.026646</td>\n",
       "      <td>1.128858</td>\n",
       "      <td>0.258958</td>\n",
       "      <td></td>\n",
       "      <td>0.067139</td>\n",
       "      <td>0.067139</td>\n",
       "    </tr>\n",
       "    <tr>\n",
       "      <th>13</th>\n",
       "      <td>opec_2014_window</td>\n",
       "      <td>-1.005994</td>\n",
       "      <td>0.472601</td>\n",
       "      <td>-2.128634</td>\n",
       "      <td>0.033285</td>\n",
       "      <td>**</td>\n",
       "      <td>-0.064901</td>\n",
       "      <td>0.064901</td>\n",
       "    </tr>\n",
       "    <tr>\n",
       "      <th>14</th>\n",
       "      <td>vix_high</td>\n",
       "      <td>-0.212033</td>\n",
       "      <td>0.285623</td>\n",
       "      <td>-0.742355</td>\n",
       "      <td>0.457872</td>\n",
       "      <td></td>\n",
       "      <td>-0.062820</td>\n",
       "      <td>0.062820</td>\n",
       "    </tr>\n",
       "    <tr>\n",
       "      <th>15</th>\n",
       "      <td>RealInterestRate</td>\n",
       "      <td>-0.293622</td>\n",
       "      <td>0.173249</td>\n",
       "      <td>-1.694798</td>\n",
       "      <td>0.090114</td>\n",
       "      <td>*</td>\n",
       "      <td>-0.059646</td>\n",
       "      <td>0.059646</td>\n",
       "    </tr>\n",
       "    <tr>\n",
       "      <th>16</th>\n",
       "      <td>VIX</td>\n",
       "      <td>-0.029483</td>\n",
       "      <td>0.021856</td>\n",
       "      <td>-1.348928</td>\n",
       "      <td>0.177360</td>\n",
       "      <td></td>\n",
       "      <td>-0.059124</td>\n",
       "      <td>0.059124</td>\n",
       "    </tr>\n",
       "    <tr>\n",
       "      <th>17</th>\n",
       "      <td>is_friday</td>\n",
       "      <td>-0.105312</td>\n",
       "      <td>0.092466</td>\n",
       "      <td>-1.138919</td>\n",
       "      <td>0.254737</td>\n",
       "      <td></td>\n",
       "      <td>-0.042122</td>\n",
       "      <td>0.042122</td>\n",
       "    </tr>\n",
       "    <tr>\n",
       "      <th>18</th>\n",
       "      <td>OilInventories</td>\n",
       "      <td>-0.000004</td>\n",
       "      <td>0.000012</td>\n",
       "      <td>-0.322118</td>\n",
       "      <td>0.747363</td>\n",
       "      <td></td>\n",
       "      <td>-0.018774</td>\n",
       "      <td>0.018774</td>\n",
       "    </tr>\n",
       "  </tbody>\n",
       "</table>\n",
       "</div>"
      ],
      "text/plain": [
       "              variable      coef    SE_HC3     t_HC3     p_HC3 sig  std_beta  abs_std_beta\n",
       "0             OilPrice -0.158226  0.141217 -1.120439  0.262527     -0.322940      0.322940\n",
       "1             MA_ratio -4.874492  3.343065 -1.458091  0.144816     -0.286880      0.286880\n",
       "2                  CPE -0.001396  0.000760 -1.837711  0.066105   * -0.219413      0.219413\n",
       "3        MA_5_gt_MA_20  0.346636  0.232961  1.487960  0.136761      0.172772      0.172772\n",
       "4        oil_diff_lag1 -0.068290  0.034677 -1.969307  0.048918  ** -0.139351      0.139351\n",
       "5      war_2022_window  1.643934  1.337287  1.229306  0.218957      0.111474      0.111474\n",
       "6       OPECProduction -0.000184  0.000104 -1.765651  0.077454   * -0.111336      0.111336\n",
       "7       gfc_2008_shock -0.864974  0.701453 -1.233118  0.217532     -0.110901      0.110901\n",
       "8   IndustryProduction  0.082998  0.060059  1.381949  0.166988      0.104493      0.104493\n",
       "9    covid_2020_window -1.420482  1.223818 -1.160697  0.245765     -0.096322      0.096322\n",
       "10     gfc_2008_regime  0.499118  0.307870  1.621196  0.104976      0.081301      0.081301\n",
       "11       cond_opec_cut -0.169825  0.089435 -1.898858  0.057583   * -0.073311      0.073311\n",
       "12       TreasuryYield  1.158938  1.026646  1.128858  0.258958      0.067139      0.067139\n",
       "13    opec_2014_window -1.005994  0.472601 -2.128634  0.033285  ** -0.064901      0.064901\n",
       "14            vix_high -0.212033  0.285623 -0.742355  0.457872     -0.062820      0.062820\n",
       "15    RealInterestRate -0.293622  0.173249 -1.694798  0.090114   * -0.059646      0.059646\n",
       "16                 VIX -0.029483  0.021856 -1.348928  0.177360     -0.059124      0.059124\n",
       "17           is_friday -0.105312  0.092466 -1.138919  0.254737     -0.042122      0.042122\n",
       "18      OilInventories -0.000004  0.000012 -0.322118  0.747363     -0.018774      0.018774"
      ]
     },
     "metadata": {},
     "output_type": "display_data"
    }
   ],
   "source": [
    "def sig_stars(p):\n",
    "    if pd.isna(p):\n",
    "        return \"\"\n",
    "    if p < 0.01:\n",
    "        return \"***\"\n",
    "    if p < 0.05:\n",
    "        return \"**\"\n",
    "    if p < 0.10:\n",
    "        return \"*\"\n",
    "    return \"\"\n",
    "\n",
    "rows = []\n",
    "for v in FINAL_FEATURES:\n",
    "    coef = ols_hc3.params[v]\n",
    "    se   = ols_hc3.bse[v]\n",
    "    tval = ols_hc3.tvalues[v]\n",
    "    pval = ols_hc3.pvalues[v]\n",
    "    std_b = coef * df_model[v].std()\n",
    "    rows.append({\n",
    "        \"variable\":     v,\n",
    "        \"coef\":         coef,\n",
    "        \"SE_HC3\":       se,\n",
    "        \"t_HC3\":        tval,\n",
    "        \"p_HC3\":        pval,\n",
    "        \"sig\":          sig_stars(pval),\n",
    "        \"std_beta\":     std_b,\n",
    "        \"abs_std_beta\": abs(std_b),\n",
    "    })\n",
    "\n",
    "coef_df = pd.DataFrame(rows)\n",
    "\n",
    "print(\"===== 정렬: p_HC3 오름차순 (유의성 우선) =====\")\n",
    "display(coef_df.sort_values(\"p_HC3\").round(6).reset_index(drop=True))\n",
    "\n",
    "print(\"\\n===== 정렬: abs_std_beta 내림차순 (효과 크기 우선) =====\")\n",
    "display(coef_df.sort_values(\"abs_std_beta\", ascending=False).round(6).reset_index(drop=True))"
   ]
  },
  {
   "cell_type": "markdown",
   "id": "732b704e",
   "metadata": {},
   "source": [
    "## 4. 변수 그룹별 해석\n",
    "\n",
    "- **가격/추세**: `MA_*`, `oil_momentum_*`, `oil_diff_lag*`\n",
    "- **변동성**: `oil_volatility_*`\n",
    "- **거시**: VIX, DollarIndex, RealInterestRate, CPI, TreasuryYield, FedFundsRate, TermSpread_*\n",
    "- **더미/이벤트**: `is_monday`, `is_friday`, `vix_high`, `*_shock`, `*_regime`, `*_window`\n",
    "- **기타**: 위 패턴에 매칭되지 않는 변수 (수급/펀더멘털 등)"
   ]
  },
  {
   "cell_type": "code",
   "execution_count": 5,
   "id": "cd0c2cdb",
   "metadata": {
    "execution": {
     "iopub.execute_input": "2026-05-20T15:23:24.866940Z",
     "iopub.status.busy": "2026-05-20T15:23:24.866767Z",
     "iopub.status.idle": "2026-05-20T15:23:24.881198Z",
     "shell.execute_reply": "2026-05-20T15:23:24.880837Z"
    }
   },
   "outputs": [
    {
     "name": "stdout",
     "output_type": "stream",
     "text": [
      "===== 변수별 그룹 분류 =====\n"
     ]
    },
    {
     "data": {
      "text/html": [
       "<div>\n",
       "<style scoped>\n",
       "    .dataframe tbody tr th:only-of-type {\n",
       "        vertical-align: middle;\n",
       "    }\n",
       "\n",
       "    .dataframe tbody tr th {\n",
       "        vertical-align: top;\n",
       "    }\n",
       "\n",
       "    .dataframe thead th {\n",
       "        text-align: right;\n",
       "    }\n",
       "</style>\n",
       "<table border=\"1\" class=\"dataframe\">\n",
       "  <thead>\n",
       "    <tr style=\"text-align: right;\">\n",
       "      <th></th>\n",
       "      <th>variable</th>\n",
       "      <th>group</th>\n",
       "      <th>coef</th>\n",
       "      <th>std_beta</th>\n",
       "      <th>p_HC3</th>\n",
       "      <th>sig</th>\n",
       "    </tr>\n",
       "  </thead>\n",
       "  <tbody>\n",
       "    <tr>\n",
       "      <th>0</th>\n",
       "      <td>MA_ratio</td>\n",
       "      <td>가격/추세</td>\n",
       "      <td>-4.874492</td>\n",
       "      <td>-0.286880</td>\n",
       "      <td>0.144816</td>\n",
       "      <td></td>\n",
       "    </tr>\n",
       "    <tr>\n",
       "      <th>1</th>\n",
       "      <td>MA_5_gt_MA_20</td>\n",
       "      <td>가격/추세</td>\n",
       "      <td>0.346636</td>\n",
       "      <td>0.172772</td>\n",
       "      <td>0.136761</td>\n",
       "      <td></td>\n",
       "    </tr>\n",
       "    <tr>\n",
       "      <th>2</th>\n",
       "      <td>oil_diff_lag1</td>\n",
       "      <td>가격/추세</td>\n",
       "      <td>-0.068290</td>\n",
       "      <td>-0.139351</td>\n",
       "      <td>0.048918</td>\n",
       "      <td>**</td>\n",
       "    </tr>\n",
       "    <tr>\n",
       "      <th>3</th>\n",
       "      <td>TreasuryYield</td>\n",
       "      <td>거시</td>\n",
       "      <td>1.158938</td>\n",
       "      <td>0.067139</td>\n",
       "      <td>0.258958</td>\n",
       "      <td></td>\n",
       "    </tr>\n",
       "    <tr>\n",
       "      <th>4</th>\n",
       "      <td>RealInterestRate</td>\n",
       "      <td>거시</td>\n",
       "      <td>-0.293622</td>\n",
       "      <td>-0.059646</td>\n",
       "      <td>0.090114</td>\n",
       "      <td>*</td>\n",
       "    </tr>\n",
       "    <tr>\n",
       "      <th>5</th>\n",
       "      <td>VIX</td>\n",
       "      <td>거시</td>\n",
       "      <td>-0.029483</td>\n",
       "      <td>-0.059124</td>\n",
       "      <td>0.177360</td>\n",
       "      <td></td>\n",
       "    </tr>\n",
       "    <tr>\n",
       "      <th>6</th>\n",
       "      <td>OilPrice</td>\n",
       "      <td>기타</td>\n",
       "      <td>-0.158226</td>\n",
       "      <td>-0.322940</td>\n",
       "      <td>0.262527</td>\n",
       "      <td></td>\n",
       "    </tr>\n",
       "    <tr>\n",
       "      <th>7</th>\n",
       "      <td>CPE</td>\n",
       "      <td>기타</td>\n",
       "      <td>-0.001396</td>\n",
